5
18
42
54
55
109
114
126
133
142
145
162
172
218
220
252
267
279
280
285
297
300
302
305
310
317
321
340
344
346
347
360
361
363
375
379
410
416
428
429
435
439
449
452
479
480
488
511
526
582
586
614
632
640
658
692
705
706
720
721
724
726
728
736
741
749
763
789
796
815
824
828
833
837
844
849
858
873
883
884
891
897
899
912
913
917
930
931
934
967
972
1016
1024
1036
1038
1039
1041
1046
1054
1065
1067
1072
1077
1080
1138
1147
1168
1204
1219
1222
1227
1235
1237
1265
1281
1309
1313
1322
1336
1345
1360
1365
1379
1389
1390
1396
1403
1407
1408
1435
1436
1442
1466
1473
1477
1507
1511
1516
1533
1535
1552
1561
1571
1572
1581
1584
1587
1595
1596
1597
1602
1607
1611
1620
1622
1641
1683
1687
1689
1691
1720
1730
1732
1739
1740
1741
1743
1751
1752
1770
1782
1789
1798
1801
1805
1811
1818
1846
1858
1875
1888
1889
1898
1899
1907
1934
1944
1958
1964
1965
1978
2010
2022
2027
2029
2038
2045
2067
2087
2089
2094
2100
2107
2122
2188
2191
2195
2202
2203
2205
2217
2218
2228
2237
2244
2250
2252
2253
2258
2270
2281
2285
2305
2315
2316
2323
2326
2383
2404
2419
2425
2442
2472
2475
2476
2477
2478
2480
2489
2499
2500
2527
2535
2538
2547
2558
2595
2605
2620
2621
2624
2633
2634
2635
2636
2677
2724
2740
2747
2769
2772
2796
2801
2808
2811
2823
2824
2830
2838
2844
2858
2861
2867
2872
2882
2889
2902
2906
2912
2920
2925
2940
2941
2945
2955
2961
2967
2972
2976
2989
2996
3002
3012
3013
3032
3038
3039
3060
3066
3072
3093
3103
3111
3112
3114
3115
3118
3137
3143
3146
3161
3166
3169
3173
3183
3201
3216
3220
3227
3228
3234
3241
3243
3267
3268
3273
3293
3298
3302
3312
3321
3326
3334
3340
3341
3343
3344
3347
3360
3363
3398
3400
3411
3419
3447
3456
3476
3479
3489
3490
3501
3508
3522
3539
3551
3558
3563
3566
3581
3583
3591
3594
3596
3633
3648
3653
3685
3697
3706
3712
3725
3731
3742
3757
3768
3771
3776
3782
3791
3794
3808
3820
3821
3845
3855
3858
3865
3874
3876
3884
3885
3906
3911
3920
3933
3941
3953
3965
3966
3988
3991
3992
3995
3996
4008
4012
4017
4018
4035
4045
4055
4070
4085
4091
4092
4101
4107
4131
4132
4138
4142
4180
4181
4201
4206
4208
4212
4217
4222
4238
4242
4261
4263
4270
4294
4296
4309
4311
4314
4333
4336
4342
4345
4347
4384
4391
4414
4431
4440
4445
4446
4447
4450
4459
4460
4461
4470
4476
4500
4504
4507
4534
4538
4548
4554
4569
4578
4584
4615
4616
4621
4653
4671
4676
4681
4682
4713
4719
4742
4747
4752
4757
4761
4768
4772
4777
4778
4794
4807
4818
4830
4832
4846
4859
4878
4879
4890
4897
4922
4940
4944
4945
4949
4956
4978
4992
4999
5022
5023
5025
5027
5032
5039
5050
5054
5061
5079
5087
5104
5110
5132
5133
5140
5150
5165
5166
5169
5170
5186
5200
5213
5218
5229
5230
5237
5238
5242
5246
5260
5276
5282
5287
5293
5295
5299
5303
5307
5309
5310
5316
5328
5329
5338
5345
5356
5375
5380
5420
5423
5443
5445
5451
5463
5473
5483
5485
5497
5500
5504
5520
5522
5525
5532
5535
5538
5549
5552
5573
5575
5581
5608
5619
5621
5628
5631
5633
5638
5641
5644
5657
5660
5667
5683
5701
5706
5717
5720
5731
5733
5758
5760
5763
5771
5783
5789
5801
5806
5807
5808
5825
5830
5849
5871
5873
5882
5888
5891
5893
5895
5921
5927
5947
5951
5968
5969
5970
5984
5996
5998
6028
6048
6064
6077
6084
6095
6106
6118
6138
6155
6181
6185
6191
6192
6198
6213
6216
6222
6236
6245
6258
6265
6276
6277
6285
6291
6302
6306
6318
6321
6324
6335
6351
6359
6372
6376
6416
6425
6433
6436
6445
6451
6456
6472
6477
6478
6509
6518
6545
6550
6566
6577
6603
6611
6612
6614
6615
6632
6646
6654
6676
6739
6741
6749
6758
6765
6770
6778
6779
6780
6789
6796
6808
6835
6862
6877
6879
6882
6905
6913
6933
6937
6959
6991
6999
7006
7030
7034
7044
7080
7081
7089
7092
7099
7122
7156
7160
7162
7165
7174
7177
7187
7211
7229
7260
7289
7293
7296
7304
7308
7311
7317
7337
7342
7359
7395
7417
7443
7478
7489
7493
7494
7527
7535
7546
7561
7567
7569
7608
7614
7628
7655
7673
7680
7691
7740
7747
7748
7756
7759
7760
7798
7818
7819
7835
7851
7863
7875
7894
7908
7917
7924
7927
7934
7946
7952
7958
7962
7979
7983
8007
8014
8020
8022
8024
8030
8042
8044
8045
8048
8050
8053
8065
8067
8074
8079
8088
8091
8093
8099
8101
8105
8115
8139
8148
8162
8168
8183
8189
8192
8200
8201
8216
8225
8246
8252
8258
8259
8268
8275
8284
8301
8324
8335
8338
8344
8357
8372
8373
8389
8390
8400
8434
8437
8445
8452
8453
8460
8466
8467
8474
8480
8484
8498
8511
8516
8540
8543
8545
8547
8558
8566
8576
8588
8616
8631
8634
8653
8658
8666
8667
8684
8693
8696
8697
8730
8736
8740
8746
8748
8752
8762
8774
8791
8805
8813
8817
8822
8831
8841
8849
8859
8860
8866
8871
8883
8893
8909
8911
8922
8930
8944
8947
8965
8988
9007
9012
9017
9041
9046
9064
9065
9080
9109
9124
9139
9159
9165
9171
9180
9183
9186
9191
9193
9202
9219
9224
9234
9236
9238
9250
9267
9272
9279
9288
9290
9305
9311
9313
9315
9319
9326
9351
9354
9361
9372
9373
9374
9378
9406
9415
9443
9455
9458
9473
9496
9519
9562
9579
9582
9588
9610
9612
9655
9662
9686
9687
9694
9705
9708
9712
9717
9725
9734
9740
9744
9759
9772
9773
9776
9811
9812
9816
9817
9836
9845
9854
9856
9859
9871
9877
9882
9899
9900
9923
9941
9952
9963
9965
9988
9993