9903
5279
7903
5610
649
6939
8202
5325
850
280
8111
8292
6233
6626
5440
5037
467
4098
7807
5650
6296
3031
2150
2059
9741
7872
7573
4685
7520
5052
3430
997
2348
9717
2145
1698
8670
9645
4784
7531
9631
1955
5698
8949
9997
511
1542
3009
9461
3693
4524
8720
4575
4542
9471
9644
7532
6493
242
137
9883
5331
940
9066
2885
6456
8375
7633
528
9177
5817
8485
6791
2236
6089
6936
9643
8832
8764
2744
8565
2231
8587
8229
6657
3979
9242
4389
4434
2745
6449
7260
9300
9133
8751
4171
4717
9054
5810
3497
901
9036
8780
8212
362
1102
1238
3407
2999
8513
9182
8928
5365
4862
8719
7825
7966
2095
5640
4744
1257
7322
8898
8802
5183
4715
4209
1521
8830
3496
7603
4296
8962
5418
7862
5447
551
5712
4505
6497
2801
7536
9695
8180
6228
3393
4929
400
6841
5063
8081
893
9267
3328
8894
2504
7175
3184
8283
7734
7262
2870
5611
4768
8804
3350
4776
7306
4573
873
5009
2138
63
4201
9798
8969
8997
5022
4404
6484
309
6264
1900
2782
9737
6800
4947
778
7
5173
349
919
1806
4393
7233
2381
1293
1188
6881
9598
4005
5483
6748
3369
6502
9344
6946
3486
9437
3747
354
1054
318
7252
1527
5213
5488
3949
7303
7043
7744
7206
3262
1306
2877
7328
8465
4281
8816
6613
5029
5847
3376
5704
33
2073
3935
849
197
2866
2265
9815
9326
2042
3668
9352
7719
1982
3175
5076
3595
4650
6333
4464
4599
1605
5547
7380
7336
564
8219
3886
6075
2574
5922
1454
8238
6894
5021
4895
5639
2776
7396
698
203
222
5291
8749
4167
5678
2919
4108
6567
2554
4586
5830
5950
8393
5180
1208
4689
6972
4939
3523
2510
8006
2551
8364
9742
3433
1437
7073
3593
1831
7786
9977
3964
1503
8803
3116
1868
4670
2325
237
143
5290
2937
5563
4256
266
5710
3500
1738
917
6079
3748
2371
1927
4090
6481
7980
369
2209
4643
6344
3271
3506
1301
4080
1138
8971
3846
5127
1342
4705
6859
7516
3240
9819
7446
7842
5986
3409
3973
9995
2450
233
8980
9224
5903
7153
184
2665
9839
6684
8455
8754
906
8117
6243
7133
263
2283
6612
4604
9712
6273
2727
957
4176
2418
2493
9514
4415
707
9699
4353
1821
4589
5918
4754
1817
9008
2082
1155
6393
3266
7871
8120
5470
7287
9348
792
5182
1222
7712
4481
3939
654
3907
3334
2522
9884
5851
5675
4055
5310
5692
3838
641
6984
5416
9409
4069
7503
1152
24
4475
8175
3620
5966
6839
9475
7069
9834
6433
1733
534
7007
9289
6427
9605
9961
3462
5354
4856
8735
3224
6155
3629
6614
5747
662
2273
5230
2791
2155
8261
4780
6463
3060
6938
6411
7244
2660
8859
7679
2351
4342
8615
7485
1648
4654
8112
5198
7103
7219
8684
9793
9746
317
9739
5100
1674
6970
8698
1397
5524
5244
7988
399
7898
5656
7850
4788
2360
3019
9808
4913
1272
3836
1492
1171
4773
3270
9390
9783
8139
6545
1083
6840
3926
9317
7209
9013
8745
9917
9626
9002
5265
4396
8800
4246
6036
6683
450
3108
4276
7065
6490
5425
7637
8967
2711
1627
8034
8339
150
5046
5667
2689
6673
5833
8026
6931
8818
1755
8464
3991
2350
4637
5397
6786
496
3272
7168
1990
4364
8023
1375
5437
396
6652
632
166
7099
3321
4808
1486
2297
6249
3288
35
307
8575
547
1390
6739
146
8946
1268
1765
2755
3012
4339
6136
8576
985
9152
1035
2248
7344
3606
7074
2643
2861
8469
7108
4466
2851
4797
9939
4458
7351
468
876
8047
3790
3190
8306
7578
62
4432
6378
9384
248
2841
8842
2922
3397
8634
4852
8930
7517
6097
261
4474
2565
5466
61
7638
4851
9156
3094
2486
4800
5942
774
1622
7079
5889
2014
3821
3380
8852
2639
69
3686
9136
8028
2772
7787
3329
434
4471
2192
3419
9215
7088
7132
523
9629
6218
3286
2046
7202
4959
5400
1786
8765
4225
8948
5273
6310
2340
4581
5688
1643
3757
9668
7559
6849
9843
1548
8363
9996
4219
8979
1514
8038
1634
4191
6065
1150
4568
1938
3480
993
855
8824
4035
3578
1488
5007
2167
5648
1833
9516
3544
5924
2285
15
2469
9680
7861
2560
7314
9328
5026
7574
8672
8641
2210
8374
8282
1355
5690
5562
3155
6706
1762
9286
7616
5458
1243
4678
4414
7474
9908
4288
8032
8942
8520
1495
2007
4583
6023
73
2234
8295
9079
277
2226
6974
6733
6582
723
624
9353
9925
4011
5208
7518
9528
7358
2329
1298
1067
6825
6603
7091
1720
5402
5844
9706
8058
2789
910
9074
3384
8872
8007
1461
6873
2930
9517
4278
7596
669
1072
60
3375
2696
1631
2550
8275
8379
6755
3579
2447
3487
9059
2773
6442
4315
6906
2863
2123
6366
8201
3293
2594
8931
623
7122
4646
3111
3488
5307
3112
7818
157
5516
7324
8182
22
7189
6949
5405
8395
6637
881
4293
7526
8205
6521
1774
8773
3082
1443
8113
9675
8687
7583
407
3156
2852
9747
7860
6948
2294
3123
8755
9944
3869
311
4661
2308
2459
5302
2037
7732
8401
2558
9096
9538
8596
268
8225
509
9982
2974
9374
8961
3635
4970
9478
5805
9886
8502
2374
7225
3994
533
7391
8209
4132
8230
5823
3399
3795
8447
6166
1856
9369
4170
3322
6343
364
9339
2305
1731
4012
3304
9480
2549
5140
3887
4989
5852
7032
6541
3401
2891
9429
185
9172
7600
4502
5619
1194
8996
9198
5410
3050
7231
8682
88
7283
918
4488
2843
2533
77
3675
6997
8786
4774
5108
9432
6555
4279
9414
1866
5061
5292
9723
2915
7067
6450
7370
1
5530
3944
7696
6007
6874
3592
3951
539
442
5652
7750
5806
2659
2970
989
6323
4611
6300
1783
5867
648
4812
7167
8509
7005
9965
5289
4758
1929
4937
9351
8992
6910
6789
5384
4182
5342
4322
3760
6828
5948
4898
6903
1596
7216
3325
8626
7995